NEW_PAGE

Zones
Letter*
1 Lbs.
2
3
4
5 
6
7
8
9
10
11
12
13
14
15
16
17
18
19
20
21
22
23
24
25
26
27
28
29
30
31
32
33
34
35
36 
37
38
39
40

102 
$19.80 
23.55 
24.00 
27.05 
29.15 
29.60 
32.65 
34.15 
34.45 
34.90 
35.05 
38.55 
40.15 
40.70 
42.40 
42.85 
44.60 
46.45 
48.00 
48.95 
49.05 
51.60 
53.90 
54.20 
55.65 
55.80 
58.50 
59.55 
61.00 
61.15 
61.25 
63.90 
65.75 
67.30 
68.75 
70.20 
73.15 
73.65 
73.80 
76.25 
76.40 

103 
$23.60 
31.60 
34.35 
36.50 
38.45 
39.85 
42.10 
44.50 
46.65 
48.05 
48.20 
53.50 
55.25 
57.35 
60.00 
60.75 
63.90 
65.90 
68.00 
69.85 
70.25 
73.50 
75.80 
77.40 
77.90 
78.05 
82.25 
83.20 
85.55 
85.70 
85.80 
88.90 
91.00 
94.75 
95.55 
96.45 
98.80 
102.35 
103.95 
105.75 
105.90 

104 
$27.55 
41.25 
46.50 
51.45 
55.85 
59.65 
66.10 
69.10 
73.50 
79.45 
79.60 
87.50 
92.30 
94.40 
101.65 
102.90 
110.10 
113.30 
113.95 
119.35 
119.45 
125.10 
128.15 
131.25 
134.70 
138.10 
141.90 
145.40 
149.25 
153.05 
156.10 
159.50 
162.95 
166.10 
169.90 
173.00 
177.45 
180.90 
184.10 
187.55 
191.00 

105 
$29.65 
45.80 
50.70 
56.20 
61.55 
65.75 
72.55 
76.15 
82.95 
88.25 
88.90 
97.95 
102.50 
107.15 
111.70 
113.80 
120.55 
124.30 
124.45 
129.70 
130.00 
136.20 
139.20 
142.70 
146.30 
149.35 
153.00 
157.40 
161.85 
165.30 
166.00 
173.00 
176.80 
180.60 
184.45 
188.30 
192.10 
196.00 
199.45 
203.20 
204.40 

106 
$29.90 
49.75 
56.25 
62.35 
68.10 
70.70 
78.30 
83.85 
91.40 
92.90 
93.05 
108.50 
113.80 
118.40 
120.45 
120.60 
129.05 
134.85 
137.85 
140.90 
141.00 
147.00 
150.05 
150.30 
157.65 
159.20 
163.50 
167.15 
174.15 
177.45 
177.55 
185.15 
185.30 
192.80 
196.95 
197.35 
201.20 
208.70 
212.70 
216.75 
218.50 

107 
$32.95 
53.15 
58.60 
64.45 
70.15 
74.30 
81.35 
87.60 
92.75 
97.65 
97.80 
111.95 
115.35 
121.45 
128.00 
128.15 
134.25 
137.30 
140.30 
143.65 
143.75 
153.30 
156.85 
160.25 
163.65 
166.90 
171.95 
175.70 
179.20 
183.10 
184.50 
190.40 
194.25 
198.55 
202.85 
207.05 
211.65 
216.40 
221.40 
225.85 
226.00 

108 
$33.40 
54.65 
61.00 
66.70 
72.95 
77.10 
84.85 
90.65 
96.45 
102.65 
102.80 
114.60 
120.80 
126.60 
132.80 
132.95 
141.35 
144.45 
148.20 
152.15 
152.25 
159.90 
163.35 
167.20 
170.55 
170.70 
177.80 
181.20 
185.00 
188.90 
190.20 
196.65 
198.40 
204.95 
209.20 
210.40 
217.45 
222.05 
226.30 
230.30 
230.45 

124† 
$36.10 
56.25 
61.45 
68.55 
74.90 
81.05 
86.90 
92.65 
98.25 
104.55 
110.70 
116.90 
122.60 
128.75 
134.50 
138.65 
144.10 
147.30 
151.00 
156.00 
159.05 
162.70 
166.35 
170.85 
174.10 
179.55 
182.30 
186.10 
189.55 
192.60 
196.10 
199.60 
203.35 
207.95 
212.25 
216.55 
220.70 
225.45 
229.60 
234.10 
238.80 

125†
$33.15 
51.05 
55.70 
62.20 
67.95 
73.50 
78.90 
84.10 
89.20 
94.95 
100.45 
106.20 
111.30 
116.85 
121.95 
125.85 
130.80 
133.75 
137.10 
141.55 
144.35 
147.70 
150.95 
155.10 
158.10 
163.00 
165.40 
168.95 
172.10 
174.90 
178.05 
181.10 
184.65 
188.70 
192.70 
196.60 
200.40 
204.70 
208.40 
212.60 
216.75 

126† 
$42.15 
56.35 
61.80 
79.15 
85.70 
91.80 
98.25 
104.70 
109.60 
116.30 
116.40 
127.95 
130.75 
134.30 
137.95 
141.30 
147.25 
151.30 
157.15 
161.25 
171.50 
176.05 
179.95 
182.85 
186.25 
187.35 
193.10 
196.25 
200.30 
204.70 
205.45 
211.95 
216.40 
220.90 
224.95 
229.30 
234.20 
237.90 
242.40 
242.50 
242.60 
