NEW_PAGE

Zones
1 Lbs.
2
3
4
5
6
7
8
9
10
11
12
13
14
15
16
17
18
19
20
21
22
23
24
25
26
27
28
29
30
31
32
33
34
35
36 
37
38
39
40

2
$5.84 
6.35 
6.45 
6.60 
6.78 
6.95 
7.27 
7.54 
7.69 
7.94 
8.21 
8.43 
8.64 
8.80 
8.95 
9.08 
9.16 
9.27 
9.39 
9.56 
9.72 
9.96 
10.17 
10.37 
10.64 
10.89 
11.14 
11.34 
11.58 
11.87 
12.04 
12.10 
12.31 
12.38 
12.60 
12.78 
13.00 
13.20 
13.39 
13.53 

3
$6.23 
6.77 
7.07 
7.25 
7.33 
7.55 
7.75 
7.94 
8.13 
8.16 
8.49 
8.75 
8.96 
9.21 
9.50 
9.64 
9.94 
10.07 
10.42 
10.76 
11.05 
11.32 
11.67 
11.97 
12.30 
12.55 
12.85 
13.16 
13.41 
13.74 
13.94 
14.24 
14.56 
14.89 
15.23 
15.38 
15.73 
15.97 
16.29 
16.66 

4
$6.41 
7.33 
7.71 
8.10 
8.42 
8.55 
8.70 
8.93 
9.06 
9.20 
9.28 
9.40 
9.52 
9.65 
9.79 
9.82 
10.10 
10.40 
10.79 
11.16 
11.50 
11.92 
12.30 
12.69 
13.03 
13.39 
13.71 
14.15 
14.55 
14.99 
15.33 
15.74 
16.13 
16.49 
16.88 
17.18 
17.51 
17.90 
18.31 
18.72 

5
$6.69 
7.49 
7.95 
8.47 
8.81 
9.01 
9.22 
9.39 
9.55 
9.82 
9.89 
10.12 
10.32 
10.51 
10.84 
11.02 
11.47 
12.07 
12.52 
13.01 
13.52 
13.98 
14.48 
14.95 
15.38 
15.86 
16.35 
16.85 
17.24 
17.75 
18.22 
18.72 
19.22 
19.70 
20.18 
20.69 
21.14 
21.65 
22.10 
22.56 

6
$7.00 
7.88 
8.36 
8.79 
9.11 
9.28 
9.54 
9.83 
10.04 
10.45 
10.70 
11.12 
11.60 
12.20 
12.79 
13.24 
13.92 
14.57 
15.20 
15.87 
16.52 
17.19 
17.84 
18.52 
19.16 
19.86 
20.51 
21.16 
21.77 
22.43 
23.04 
23.70 
24.32 
25.00 
25.63 
26.27 
26.83 
27.43 
28.13 
28.70 

7
$7.09 
7.98 
8.55 
9.12 
9.50 
9.78 
10.04 
10.37 
10.91 
11.66 
12.40 
13.14 
13.94 
14.66 
15.41 
15.94 
16.77 
17.50 
18.24 
18.95 
19.70 
20.45 
21.19 
21.93 
22.66 
23.32 
24.08 
24.76 
25.37 
26.05 
26.75 
27.47 
28.19 
28.94 
29.68 
30.41 
31.11 
31.86 
32.70 
33.39 

8
$7.21 
8.27 
9.13 
9.80 
10.32 
10.55 
10.85 
11.38 
12.09 
12.89 
13.65 
14.56 
15.50 
16.39 
17.25 
17.87 
18.81 
19.76 
20.71 
21.67 
22.54 
23.52 
24.47 
25.43 
26.37 
27.25 
28.19 
29.16 
30.04 
31.00 
31.87 
32.83 
33.73 
34.68 
35.59 
36.30 
37.00 
37.68 
38.45 
39.09 

44†
$22.23 
24.71 
26.82 
29.45 
31.96 
34.65 
36.98 
38.24 
40.93 
43.47 
45.85 
47.83 
49.80 
51.88 
53.79 
56.29 
58.93 
61.60 
64.09 
66.48 
68.00 
70.12 
72.24 
74.61 
76.93 
79.36 
81.55 
83.75 
85.81 
87.86 
89.86 
91.79 
93.71 
95.81 
98.18 
100.30 
102.59 
105.04 
107.30 
109.60 

45†
$22.23 
24.71 
26.82 
29.45 
31.96 
34.65 
36.98 
38.24 
40.93 
43.47 
45.85 
47.83 
49.80 
51.88 
53.79 
56.29 
58.93 
61.60 
64.09 
66.48 
68.00 
70.12 
72.24 
74.61 
76.93 
79.36 
81.55 
83.75 
85.81 
87.86 
89.86 
91.79 
93.71 
95.81 
98.18 
100.30 
102.59 
105.04 
107.30 
109.60 

46†
$29.30 
31.67 
33.71 
36.56 
38.99 
40.70 
42.77 
44.89 
47.56 
50.09 
52.44 
54.37 
56.32 
58.36 
60.25 
62.75 
64.99 
67.65 
70.12 
72.51 
74.03 
76.14 
78.24 
80.60 
82.94 
85.54 
87.75 
89.96 
91.78 
93.87 
96.05 
98.00 
99.94 
101.99 
104.35 
106.67 
108.99 
111.46 
113.53 
115.76 
