NEW_PAGE

Zones
Letter*
1 Lbs.
2
3
4
5 
6
7
8
9
10
11
12
13
14
15
16
17
18
19
20
21
22
23
24
25
26
27
28
29
30
31
32
33
34
35
36 
37
38
39
40

132
$17.60 
19.90 
21.30 
22.85 
24.60 
25.05 
26.45 
27.30 
28.70 
29.85 
30.30 
32.00 
33.05 
33.45 
34.70 
36.05 
36.80 
38.70 
39.85 
40.90 
41.65 
42.75 
44.30 
45.05 
46.20 
47.25 
48.25 
49.05 
50.55 
51.65 
52.45 
53.50 
54.60 
55.80 
56.75 
58.40 
59.45 
60.55 
61.60 
63.20 
64.20 

133
$21.05 
27.00 
28.60 
30.30 
32.20 
32.35 
36.85 
38.45 
39.55 
41.30 
42.90 
44.80 
47.05 
49.40 
51.30 
53.10 
54.35 
55.35 
56.80 
58.40 
60.10 
61.25 
62.55 
63.75 
64.80 
66.15 
68.05 
69.90 
71.75 
73.05 
73.85 
74.70 
76.00 
77.50 
79.25 
80.80 
82.55 
83.65 
85.35 
87.35 
89.40 

134
$26.65 
37.30 
42.10 
46.65 
50.55 
53.75 
59.80 
63.95 
68.15 
72.00 
75.30 
79.20 
83.55 
87.50 
92.00 
95.15 
99.75 
102.55 
105.65 
108.15 
116.55 
119.65 
122.70 
126.15 
129.45 
132.10 
135.90 
139.40 
143.25 
147.05 
150.10 
153.50 
156.85 
160.05 
163.90 
167.00 
170.95 
174.90 
178.10 
181.55 
185.00 

135
$28.10 
41.40 
45.80 
50.75 
55.60 
60.45 
64.45 
70.00 
74.55 
79.35 
83.55 
88.10 
92.15 
96.35 
100.45 
104.50 
108.35 
111.80 
114.15 
116.55 
126.65 
129.75 
132.75 
136.10 
139.50 
143.35 
147.00 
150.70 
153.80 
156.85 
160.00 
164.40 
167.95 
171.40 
174.50 
178.00 
181.65 
186.05 
190.45 
194.45 
198.40 

136
$28.25 
44.95 
50.75 
56.25 
61.45 
65.55 
71.00 
76.05 
81.20 
86.20 
91.30 
96.40 
101.10 
105.20 
109.30 
113.35 
117.10 
119.80 
122.45 
125.25 
135.55 
139.55 
143.15 
146.40 
150.30 
153.20 
157.50 
160.85 
164.85 
167.95 
171.55 
175.70 
179.30 
184.30 
188.30 
191.35 
195.20 
199.75 
203.75 
208.70 
212.50 

137
$30.10 
47.90 
52.80 
58.10 
63.20 
67.40 
72.15 
77.60 
83.10 
88.55 
93.70 
99.20 
104.65 
110.15 
114.95 
118.75 
121.85 
124.60 
127.30 
130.15 
141.20 
145.30 
149.25 
152.45 
155.75 
160.90 
164.65 
168.75 
172.60 
175.70 
178.50 
182.05 
185.65 
189.10 
193.20 
197.45 
201.10 
204.60 
207.55 
211.20 
215.70 

138
$31.45 
49.25 
54.95 
60.05 
65.75 
69.75 
75.25 
80.40 
85.45 
91.00 
96.40 
101.65 
107.05 
112.25 
117.80 
122.20 
125.35 
128.00 
131.40 
134.85 
146.40 
150.35 
153.55 
157.25 
160.50 
164.40 
167.95 
172.30 
177.20 
182.05 
184.20 
189.30 
192.40 
197.25 
201.20 
204.40 
209.50 
212.15 
215.70 
219.70 
224.45