NEW_PAGE

Zones
Letter*
1 Lbs.
2
3
4
5 
6
7
8
9
10
11
12
13
14
15
16
17
18
19
20
21
22
23
24
25
26
27
28
29
30
31
32
33
34
35
36 
37
38
39
40

102 
$46.80 
50.55 
51.00 
54.05 
56.15 
56.60 
59.65 
61.15 
61.45 
61.90 
62.05 
65.55 
67.15 
67.70 
69.40 
69.85 
71.60 
73.45 
75.00 
75.95 
76.05 
78.60 
80.90 
81.20 
82.65 
82.80 
85.50 
86.55 
88.00 
88.15 
88.25 
90.90 
92.75 
94.30 
95.75 
97.20 
100.15 
100.65 
100.80 
103.25 
103.40 

103 
$50.60 
58.60 
61.35 
63.50 
65.45 
66.85 
69.10 
71.50 
73.65 
75.05 
75.20 
80.50 
82.25 
84.35 
87.00 
87.75 
90.90 
92.90 
95.00 
96.85 
97.25 
100.50 
102.80 
104.40 
104.90 
105.05 
109.25 
110.20 
112.55 
112.70 
112.80 
115.90 
118.00 
121.75 
122.55 
123.45 
125.80 
129.35 
130.95 
132.75 
132.90 

104 
$54.55 
68.25 
73.50 
78.45 
82.85 
86.65 
93.10 
96.10 
100.50 
106.45 
106.60 
114.50 
119.30 
121.40 
128.65 
129.90 
137.10 
140.30 
140.95 
146.35 
146.45 
152.10 
155.15 
158.25 
161.70 
165.10 
168.90 
172.40 
176.25 
180.05 
183.10 
186.50 
189.95 
193.10 
196.90 
200.00 
204.45 
207.90 
211.10 
214.55 
218.00 

105 
$56.65 
72.80 
77.70 
83.20 
88.55 
92.75 
99.55 
103.15 
109.95 
115.25 
115.90 
124.95 
129.50 
134.15 
138.70 
140.80 
147.55 
151.30 
151.45 
156.70 
157.00 
163.20 
166.20 
169.70 
173.30 
176.35 
180.00 
184.40 
188.85 
192.30 
193.00 
200.00 
203.80 
207.60 
211.45 
215.30 
219.10 
223.00 
226.45 
230.20 
231.40 

106 
$56.90 
76.75 
83.25 
89.35 
95.10 
97.70 
105.30 
110.85 
118.40 
119.90 
120.05 
135.50 
140.80 
145.40 
147.45 
147.60 
156.05 
161.85 
164.85 
167.90 
168.00 
174.00 
177.05 
177.30 
184.65 
186.20 
190.50 
194.15 
201.15 
204.45 
204.55 
212.15 
212.30 
219.80 
223.95 
224.35 
228.20 
235.70 
239.70 
243.75 
245.50 

107 
$59.95 
80.15 
85.60 
91.45 
97.15 
101.30 
108.35 
114.60 
119.75 
124.65 
124.80 
138.95 
142.35 
148.45 
155.00 
155.15 
161.25 
164.30 
167.30 
170.65 
170.75 
180.30 
183.85 
187.25 
190.65 
193.90 
198.95 
202.70 
206.20 
210.10 
211.50 
217.40 
221.25 
225.55 
229.85 
234.05 
238.65 
243.40 
248.40 
252.85 
253.00 

108 
$60.40 
81.65 
88.00 
93.70 
99.95 
104.10 
111.85 
117.65 
123.45 
129.65 
129.80 
141.60 
147.80 
153.60 
159.80 
159.95 
168.35 
171.45 
175.20 
179.15 
179.25 
186.90 
190.35 
194.20 
197.55 
197.70 
204.80 
208.20 
212.00 
215.90 
217.20 
223.65 
225.40 
231.95 
236.20 
237.40 
244.45 
249.05 
253.30 
257.30 
257.45 

124† 
$63.10 
83.25 
88.45 
95.55 
101.90 
108.05 
113.90 
119.65 
125.25 
131.55 
137.70 
143.90 
149.60 
155.75 
161.50 
165.65 
171.10 
174.30 
178.00 
183.00 
186.05 
189.70 
193.35 
197.85 
201.10 
206.55 
209.30 
213.10 
216.55 
219.60 
223.10 
226.60 
230.35 
234.95 
239.25 
243.55 
247.70 
252.45 
256.60 
261.10 
265.80 
