NEW_PAGE

Zones
Letter*
1 Lbs.
2
3
4
5 
6
7
8
9
10
11
12
13
14
15
16
17
18
19
20
21
22
23
24
25
26
27
28
29
30
31
32
33
34
35
36 
37
38
39
40

242
$14.30 
14.95 
15.12 
15.24 
15.70 
16.16 
16.85 
17.54 
18.29 
19.26 
20.13 
21.05 
22.14 
23.69 
24.84 
25.82 
26.45 
27.26 
28.18 
29.27 
30.30 
31.74 
32.66 
33.47 
34.21 
35.31 
36.40 
37.55 
38.76 
39.85 
40.54 
41.75 
42.32 
43.53 
44.91 
45.83 
46.52 
47.38 
48.24 
49.68 
51.00 

243
$14.63 
15.30 
15.58 
16.10 
16.62 
17.19 
17.83 
19.55 
21.33 
22.31 
23.69 
24.96 
26.45 
27.77 
29.27 
29.96 
30.94 
31.86 
32.89 
33.87 
35.31 
36.69 
38.41 
39.27 
40.83 
42.03 
43.13 
44.39 
45.89 
46.69 
47.96 
49.57 
50.66 
51.98 
52.96 
54.51 
55.78 
56.52 
57.44 
58.94 
60.49 

244
$15.18 
15.87 
16.22 
17.14 
18.52 
20.18 
21.97 
23.81 
25.47 
27.54 
29.67 
30.99 
32.72 
33.93 
36.11 
37.95 
39.56 
41.23 
42.78 
44.05 
45.71 
47.44 
48.76 
50.49 
52.10 
53.13 
55.09 
56.47 
57.73 
59.51 
61.53 
63.19 
64.98 
66.76 
68.20 
69.69 
71.07 
72.85 
74.69 
75.96 
77.74 

245
$17.11 
17.88 
19.03 
20.93 
24.44 
27.08 
29.61 
32.37 
35.31 
37.89 
40.48 
43.24 
45.71 
48.47 
51.23 
53.19 
54.91 
57.50 
59.57 
61.99 
64.86 
67.05 
68.89 
70.90 
73.60 
76.19 
78.66 
81.42 
83.38 
85.33 
88.09 
90.10 
92.29 
94.24 
97.58 
99.48 
101.49 
104.13 
106.20 
108.33 
110.80 

246
$21.56 
22.54 
24.90 
28.64 
33.06 
36.92 
41.06 
46.17 
51.06 
55.55 
59.28 
64.00 
68.94 
73.43 
77.91 
82.05 
85.68 
89.47 
93.21 
96.60 
100.05 
103.62 
107.01 
110.80 
114.89 
118.57 
122.65 
126.79 
130.01 
133.52 
137.20 
140.30 
144.38 
148.29 
152.78 
157.38 
161.58 
165.95 
170.20 
174.28 
178.25 

247
$22.55 
23.58 
27.08 
31.45 
35.88 
39.91 
44.39 
49.22 
54.22 
59.46 
64.69 
69.35 
74.35 
77.91 
82.05 
85.68 
90.05 
94.82 
99.07 
103.62 
107.12 
110.80 
115.00 
118.80 
123.45 
127.82 
132.19 
136.62 
140.13 
143.69 
147.55 
150.77 
154.91 
158.53 
162.38 
166.52 
171.75 
176.30 
180.90 
185.73 
190.27 

248
$22.88 
23.92 
28.35 
32.55 
37.03 
42.09 
46.17 
50.77 
55.89 
61.35 
66.36 
71.88 
76.82 
81.25 
84.93 
88.84 
92.52 
96.89 
102.58 
105.97 
109.88 
114.94 
119.20 
123.63 
128.05 
132.42 
136.05 
140.30 
143.69 
147.95 
151.74 
155.77 
159.56 
163.59 
167.61 
171.75 
176.12 
180.78 
185.73 
190.56 
194.81 
