NEW_PAGE

Zones
1 Lbs.
2
3
4
5
6
7
8
9
10
11
12
13
14
15
16
17
18
19
20
21
22
23
24
25
26
27
28
29
30
31
32
33
34
35
36 
37
38
39
40

302 
$9.70 
10.10 
10.80 
11.80 
12.60 
13.45 
13.90 
14.60 
15.20 
15.90 
17.20 
18.10 
19.10 
19.95 
20.15 
21.25 
21.95 
22.70 
23.45 
23.65 
24.95 
25.55 
26.30 
27.15 
27.75 
29.25 
30.35 
31.15 
31.80 
32.05 
32.85 
33.50 
34.40 
35.10 
35.75 
36.80 
37.50 
38.00 
38.60 
38.70 

303 
$11.15 
11.60 
12.35 
13.30 
13.90 
15.40 
16.65 
18.10 
18.80 
18.85 
21.45 
22.50 
23.60 
24.85 
25.70 
26.50 
27.15 
28.25 
29.10 
30.15 
30.90 
32.05 
32.85 
33.80 
35.35 
36.35 
37.50 
38.55 
39.35 
39.70 
41.85 
42.80 
43.50 
44.70 
45.90 
46.95 
47.85 
47.90 
47.95 
48.40 

304 
$11.85 
12.45 
13.80 
14.55 
15.35 
17.50 
18.85 
20.35 
21.65 
22.85 
24.35 
25.45 
26.75 
28.25 
29.50 
30.50 
31.75 
32.95 
34.15 
35.75 
37.15 
38.60 
39.95 
41.00 
42.35 
43.80 
45.40 
46.50 
47.85 
49.30 
50.50 
52.20 
53.35 
54.60 
56.10 
57.45 
58.45 
60.10 
61.20 
61.35 

305 
$12.45 
12.55 
13.85 
15.60 
17.05 
19.10 
20.50 
22.05 
23.80 
25.60 
27.00 
28.60 
30.30 
32.10 
33.50 
34.55 
36.20 
37.55 
38.95 
40.55 
41.95 
43.25 
44.55 
46.20 
47.80 
49.30 
50.95 
52.25 
53.60 
55.30 
56.55 
58.05 
59.65 
61.10 
62.60 
64.05 
65.50 
67.05 
68.55 
69.15 

306 
$14.15 
15.15 
17.55 
19.45 
22.05 
24.60 
27.30 
30.00 
32.15 
34.15 
36.45 
38.75 
41.15 
43.20 
45.55 
47.45 
49.35 
51.10 
52.85 
54.80 
57.45 
59.40 
61.85 
63.90 
65.70 
67.75 
69.55 
71.90 
74.00 
76.35 
78.70 
80.65 
83.00 
85.10 
87.00 
89.40 
91.25 
93.15 
95.35 
97.50 

307 
$14.75 
16.40 
18.40 
21.00 
23.15 
25.75 
29.10 
31.85 
34.95 
37.60 
40.30 
42.90 
45.15 
47.55 
49.55 
52.10 
54.70 
57.20 
59.55 
61.80 
64.00 
66.30 
68.45 
70.80 
73.20 
75.70 
78.35 
80.75 
83.15 
85.40 
87.90 
90.35 
92.70 
94.90 
97.30 
99.25 
101.25 
103.30 
105.20 
107.40 

308 
$16.50 
19.20 
21.70 
24.80 
27.80 
31.55 
34.65 
37.85 
40.75 
43.95 
47.10 
49.75 
52.75 
55.50 
58.65 
61.20 
64.00 
66.15 
68.50 
71.45 
73.85 
76.55 
79.05 
81.75 
84.50 
87.05 
89.75 
92.60 
95.55 
98.25 
100.95 
103.80 
106.55 
109.80 
112.45 
115.00 
117.55 
119.80 
122.15 
124.35 
