NEW_PAGE

Zones
Letter*
1 Lbs.
2
3
4
5 
6
7
8
9
10
11
12
13
14
15
16
17
18
19
20
21
22
23
24
25
26
27
28
29
30
31
32
33
34
35
36 
37
38
39
40

202 
$12.72 
13.00 
13.15 
13.25 
13.65 
14.05 
14.65 
15.25 
15.90 
16.75 
17.50 
18.30 
19.25 
20.60 
21.60 
22.45 
23.00 
23.70 
24.50 
25.45 
26.35 
27.60 
28.40 
29.10 
29.75 
30.70 
31.65 
32.65 
33.70 
34.65 
35.25 
36.30 
36.80 
37.85 
39.05 
39.85 
40.45 
41.20 
41.95 
43.20 
44.35 

203
$13.02 
13.30 
13.55 
14.00 
14.45 
14.95 
15.50 
17.00 
18.55 
19.40 
20.60 
21.70 
23.00 
24.15 
25.45 
26.05 
26.90 
27.70 
28.60 
29.45 
30.70 
31.90 
33.40 
34.15 
35.50 
36.55 
37.50 
38.60 
39.90 
40.60 
41.70 
43.10 
44.05 
45.20 
46.05 
47.40 
48.50 
49.15 
49.95 
51.25 
52.60 

204
$13.52 
13.80 
14.10 
14.90 
16.10 
17.55 
19.10 
20.70 
22.15 
23.95 
25.80 
26.95 
28.45 
29.50 
31.40 
33.00 
34.40 
35.85 
37.20 
38.30 
39.75 
41.25 
42.40 
43.90 
45.30 
46.20 
47.90 
49.10 
50.20 
51.75 
53.50 
54.95 
56.50 
58.05 
59.30 
60.60 
61.80 
63.35 
64.95 
66.05 
67.60 

205
$15.17 
15.55 
16.55 
18.20 
21.25 
23.55 
25.75 
28.15 
30.70 
32.95 
35.20 
37.60 
39.75 
42.15 
44.55 
46.25 
47.75 
50.00 
51.80 
53.90 
56.40 
58.30 
59.90 
61.65 
64.00 
66.25 
68.40 
70.80 
72.50 
74.20 
76.60 
78.35 
80.25 
81.95 
84.85 
86.50 
88.25 
90.55 
92.35 
94.20 
96.35 

206
$18.77 
19.60 
21.65 
24.90 
28.75 
32.10 
35.70 
40.15 
44.40 
48.30 
51.55 
55.65 
59.95 
63.85 
67.75 
71.35 
74.50 
77.80 
81.05 
84.00 
87.00 
90.10 
93.05 
96.35 
99.90 
103.10 
106.65 
110.25 
113.05 
116.10 
119.30 
122.00 
125.55 
128.95 
132.85 
136.85 
140.50 
144.30 
148.00 
151.55 
155.00 

207
$19.56 
20.50 
23.55 
27.35 
31.20 
34.70 
38.60 
42.80 
47.15 
51.70 
56.25 
60.30 
64.65 
67.75 
71.35 
74.50 
78.30 
82.45 
86.15 
90.10 
93.15 
96.35 
100.00 
103.30 
107.35 
111.15 
114.95 
118.80 
121.85 
124.95 
128.30 
131.10 
134.70 
137.85 
141.20 
144.80 
149.35 
153.30 
157.30 
161.50 
165.45 

208
$19.74 
20.80 
24.65 
28.30 
32.20 
36.60 
40.15 
44.15 
48.60 
53.35 
57.70 
62.50 
66.80 
70.65 
73.85 
77.25 
80.45 
84.25 
89.20 
92.15 
95.55 
99.95 
103.65 
107.50 
111.35 
115.15 
118.30 
122.00 
124.95 
128.65 
131.95 
135.45 
138.75 
142.25 
145.75 
149.35 
153.15 
157.20 
161.50 
165.70 
169.40 

224†
$27.96 
30.80 
34.40 
39.25 
41.85 
45.45 
48.30 
52.05 
54.70 
58.55 
63.50 
67.30 
69.70 
72.20 
75.05 
78.45 
81.70 
85.60 
90.70 
93.65 
97.00 
101.45 
105.30 
109.20 
113.15 
117.10 
120.20 
124.05 
128.05 
131.30 
135.40 
138.75 
143.15 
147.00 
150.90 
154.95 
158.55 
162.65 
166.40 
170.35 
173.75 

225†
$24.51 
27.00 
30.20 
34.45 
36.75 
39.80 
42.35 
45.65 
48.00 
51.45 
55.75 
59.10 
61.20 
63.40 
65.95 
68.95 
71.85 
75.10 
79.75 
82.20 
85.30 
89.15 
92.60 
95.95 
99.50 
102.85 
105.70 
109.05 
112.60 
115.30 
118.95 
121.95 
125.80 
129.15 
132.70 
136.25 
139.35 
143.00 
146.25 
149.70 
152.70 

226†
$37.46 
39.50 
47.20 
49.10 
51.25 
53.05 
55.90 
58.40 
61.20 
64.45 
67.15 
68.90 
71.70 
73.75 
76.65 
80.80 
85.35 
88.90 
92.40 
97.20 
100.65 
105.30 
109.45 
113.15 
117.15 
121.20 
124.95 
128.70 
133.30 
137.00 
140.50 
144.75 
148.60 
152.30 
156.30 
160.60 
164.05 
168.65 
172.20 
176.30 
180.45 
